0.123 0.456 0.789 0.123 0.456 0.789 0.123 0.456 0.789 0.123
0.456 0.456 0.789 0.123 0.456 0.789 0.123 0.456 0.789 0.123
0.789 0.456 0.789 0.123 0.456 0.789 0.123 0.456 0.789 0.123
0.234 0.456 0.789 0.123 0.456 0.789 0.123 0.456 0.789 0.123
0.567 0.456 0.789 0.123 0.456 0.789 0.123 0.456 0.789 0.123
0.891 0.456 0.789 0.123 0.456 0.789 0.123 0.456 0.789 0.123
0.345 0.456 0.789 0.123 0.456 0.789 0.123 0.456 0.789 0.123
0.678 0.456 0.789 0.123 0.456 0.789 0.123 0.456 0.789 0.123
0.912 0.456 0.789 0.123 0.456 0.789 0.123 0.456 0.789 0.123
0.085 0.456 0.789 0.123 0.456 0.789 0.123 0.456 0.789 0.123
